





2014-07-20T16:16:05Z,47.6323320000,-121.9913900000,0.54,0.00,0.21,330.35,344.82,5,-2.52,-3.01,-2.49,1.26,2.03,1.37,47.37,148.89,22.69,22.56,22.67,1003.62,1003.67,1003.62,-0.20,-0.24,-0.21,-0.39,-0.39,-0.39,8.90,9.02,8.89
2014-07-20T16:16:15Z,47.6322590000,-121.9913200000,0.46,0.54,0.45,325.91,341.21,5,-2.77,-3.04,-2.52,1.26,2.01,1.37,46.97,148.93,22.77,22.63,22.73,1003.62,1003.56,1003.60,-0.20,-0.20,-0.21,-0.43,-0.39,-0.39,8.90,9.06,8.89
2014-07-20T16:16:25Z,47.6322750000,-121.9912900000,0.24,0.46,0.22,325.91,342.19,5,-2.52,-3.01,-2.50,1.51,2.03,1.35,47.42,148.70,22.83,22.69,22.79,1003.65,1003.61,1003.61,-0.24,-0.16,-0.21,-0.39,-0.39,-0.39,8.90,9.02,8.89
2014-07-20T16:16:35Z,47.6323660000,-121.9913300000,0.14,0.24,0.29,25.97,332.02,8,-2.77,-3.04,-2.52,1.51,2.03,1.39,46.39,148.83,22.91,22.75,22.85,1003.64,1003.54,1003.60,-0.24,-0.24,-0.22,-0.43,-0.39,-0.39,8.90,9.02,8.90
2014-07-20T16:16:45Z,47.6323700000,-121.9913300000,0.22,0.14,0.20,37.38,332.02,8,-2.25,-3.34,-2.47,1.25,2.02,1.42,46.70,148.85,22.96,22.83,22.92,1003.64,1003.56,1003.62,-0.20,-0.24,-0.22,-0.35,-0.35,-0.38,8.98,9.06,8.89
2014-07-20T16:16:55Z,47.6323810000,-121.9913300000,0.29,0.22,0.28,9.47,332.02,9,-2.50,-3.07,-2.49,1.75,2.03,1.40,47.45,149.24,23.04,23.01,22.99,1003.60,1003.64,1003.62,-0.27,-0.16,-0.22,-0.39,-0.39,-0.39,8.98,9.02,8.89
2014-07-20T16:17:05Z,47.6323890000,-121.9913200000,0.17,0.29,0.24,22.46,332.35,9,-2.53,-3.08,-2.47,1.27,2.02,1.41,46.93,148.84,23.11,23.01,23.07,1003.65,1003.57,1003.60,-0.20,-0.24,-0.22,-0.39,-0.43,-0.38,8.87,9.02,8.89
2014-07-20T16:17:15Z,47.6323850000,-121.9913100000,0.10,0.18,0.22,27.16,332.35,9,-2.52,-3.04,-2.45,1.01,2.03,1.38,46.60,149.14,23.18,23.04,23.14,1003.62,1003.61,1003.61,-0.16,-0.27,-0.21,-0.39,-0.35,-0.38,8.90,9.02,8.89
2014-07-20T16:17:25Z,47.6323740000,-121.9913100000,0.18,0.08,0.22,181.42,332.02,9,-2.53,-3.04,-2.48,1.01,2.03,1.37,46.44,148.65,23.26,23.12,23.22,1003.68,1003.59,1003.63,-0.16,-0.27,-0.21,-0.39,-0.35,-0.39,8.87,9.02,8.88
2014-07-20T16:17:35Z,47.6323700000,-121.9913000000,0.39,0.16,0.19,161.73,332.02,9,-2.27,-3.05,-2.48,1.26,2.03,1.41,47.02,149.64,23.33,23.18,23.30,1003.57,1003.56,1003.65,-0.20,-0.08,-0.22,-0.35,-0.35,-0.39,8.90,9.02,8.89
2014-07-20T16:17:45Z,47.6323620000,-121.9913000000,0.09,0.38,0.20,175.59,332.35,9,-2.24,-3.04,-2.46,1.74,2.02,1.37,47.08,149.86,23.41,23.26,23.37,1003.55,1003.59,1003.60,-0.27,-0.20,-0.21,-0.35,-0.39,-0.38,9.02,9.02,8.88
2014-07-20T16:17:55Z,47.6323700000,-121.9913000000,0.32,0.07,0.32,7.33,333.01,8,-2.24,-3.01,-2.44,1.24,2.02,1.40,46.56,149.90,23.50,23.34,23.45,1003.55,1003.63,1003.60,-0.20,-0.24,-0.22,-0.35,-0.35,-0.38,9.02,9.02,8.89
2014-07-20T16:18:05Z,47.6323850000,-121.9912900000,0.48,0.33,0.43,8.83,333.99,8,-2.77,-3.05,-2.45,1.51,2.03,1.40,46.74,149.52,23.59,23.43,23.54,1003.60,1003.58,1003.60,-0.24,-0.20,-0.22,-0.43,-0.39,-0.38,8.90,9.02,8.89
2014-07-20T16:18:15Z,47.6323850000,-121.9912900000,0.56,0.49,0.59,11.94,336.61,8,-2.77,-2.53,-2.42,1.76,2.04,1.43,47.06,149.39,23.67,23.51,23.62,1003.62,1003.53,1003.60,-0.27,-0.24,-0.22,-0.43,-0.39,-0.38,8.90,9.02,8.89
2014-07-20T16:18:25Z,47.6323970000,-121.9913000000,0.51,0.56,0.23,11.94,337.27,8,-2.51,-3.05,-2.43,0.75,2.04,1.37,46.08,149.08,23.75,23.59,23.70,1003.66,1003.58,1003.63,-0.12,-0.27,-0.21,-0.39,-0.43,-0.38,8.94,9.02,8.88
2014-07-20T16:18:35Z,47.6323970000,-121.9912800000,0.15,0.51,0.30,105.25,337.60,8,-2.27,-3.04,-2.40,1.26,2.01,1.40,47.05,149.55,23.83,23.68,23.78,1003.61,1003.58,1003.61,-0.20,-0.20,-0.22,-0.35,-0.35,-0.37,8.90,9.02,8.89
2014-07-20T16:18:45Z,47.6324040000,-121.9912700000,0.22,0.15,0.27,103.26,337.93,9,-2.74,-3.01,-2.38,1.49,2.02,1.40,46.33,149.50,23.91,23.76,23.87,1003.62,1003.63,1003.61,-0.24,-0.27,-0.22,-0.43,-0.43,-0.37,9.02,9.02,8.88
2014-07-20T16:18:55Z,47.6323740000,-121.9912600000,0.55,0.22,0.38,170.60,339.57,10,-2.79,-3.04,-2.40,1.77,2.01,1.37,47.94,149.45,23.98,24.01,23.95,1003.63,1003.59,1003.63,-0.27,-0.16,-0.21,-0.43,-0.35,-0.37,8.87,9.10,8.88
2014-07-20T16:19:05Z,47.6323510000,-121.9912600000,0.33,0.55,0.40,144.93,343.83,10,-2.50,-3.04,-2.40,1.75,2.01,1.37,47.02,149.59,24.07,24.01,24.04,1003.62,1003.64,1003.63,-0.27,-0.20,-0.21,-0.39,-0.39,-0.37,8.98,9.02,8.88
2014-07-20T16:19:15Z,47.6323590000,-121.9912400000,0.08,0.33,0.22,113.65,347.44,10,-2.53,-3.03,-2.41,1.27,2.05,1.44,46.95,149.20,24.17,24.01,24.12,1003.67,1003.59,1003.61,-0.20,-0.27,-0.22,-0.39,-0.35,-0.37,8.87,8.94,8.88
2014-07-20T16:19:25Z,47.6323470000,-121.9912400000,0.17,0.08,0.24,119.79,349.08,10,-2.29,-3.01,-2.38,1.53,2.03,1.43,46.96,150.29,24.26,24.09,24.21,1003.55,1003.57,1003.61,-0.24,-0.24,-0.22,-0.35,-0.35,-0.37,8.83,9.10,8.88
2014-07-20T16:19:35Z,47.6323660000,-121.9912400000,0.69,0.17,0.39,342.98,349.74,10,-2.53,-3.07,-2.41,1.52,2.03,1.39,46.66,149.55,24.34,24.17,24.29,1003.64,1003.59,1003.64,-0.24,-0.31,-0.21,-0.39,-0.35,-0.37,8.87,9.02,8.88
2014-07-20T16:19:45Z,47.6324080000,-121.9913300000,0.61,0.71,0.85,338.33,352.36,10,-2.52,-3.03,-2.41,1.26,2.03,1.39,46.45,149.24,24.42,24.28,24.37,1003.68,1003.60,1003.64,-0.20,-0.16,-0.21,-0.39,-0.27,-0.37,8.90,9.02,8.88
2014-07-20T16:19:55Z,47.6324160000,-121.9913500000,0.18,0.60,0.27,338.33,353.02,10,-2.53,-3.05,-2.34,1.52,2.02,1.39,46.66,150.15,24.50,24.34,24.45,1003.58,1003.61,1003.63,-0.24,-0.04,-0.22,-0.39,-0.39,-0.36,8.87,9.02,8.87
2014-07-20T16:20:05Z,47.6324270000,-121.9913400000,0.15,0.21,0.31,356.24,353.35,10,-2.29,-3.04,-2.38,1.27,2.01,1.36,46.61,149.85,24.59,24.42,24.54,1003.62,1003.65,1003.60,-0.20,-0.24,-0.21,-0.35,-0.35,-0.37,8.83,9.06,8.88
2014-07-20T16:20:15Z,47.6324270000,-121.9913400000,0.05,0.12,0.07,356.24,353.67,10,-2.53,-3.03,-2.37,1.27,2.02,1.40,46.61,150.31,24.66,24.50,24.62,1003.57,1003.59,1003.60,-0.20,-0.20,-0.22,-0.39,-0.39,-0.37,8.87,9.02,8.88
2014-07-20T16:20:25Z,47.6324270000,-121.9913400000,0.01,0.05,0.02,356.24,353.67,10,-2.53,-3.04,-2.39,1.52,2.02,1.37,46.68,149.05,24.74,24.59,24.69,1003.72,1003.55,1003.59,-0.24,-0.20,-0.21,-0.39,-0.39,-0.37,8.87,9.02,8.87
2014-07-20T16:20:35Z,47.6324270000,-121.9913500000,0.01,0.01,0.01,356.24,353.67,10,-2.29,-3.26,-2.41,1.27,2.03,1.37,45.99,150.05,24.83,24.67,24.78,1003.61,1003.60,1003.62,-0.20,-0.16,-0.21,-0.35,-0.39,-0.37,8.83,9.06,8.87
2014-07-20T16:20:45Z,47.6324270000,-121.9913400000,0.01,0.01,0.01,356.24,354.00,10,-2.51,-3.04,-2.36,1.76,2.02,1.36,47.13,149.48,24.91,24.74,24.86,1003.68,1003.60,1003.61,-0.27,-0.24,-0.21,-0.39,-0.43,-0.37,8.94,9.06,8.87
2014-07-20T16:20:55Z,47.6324200000,-121.9913400000,0.01,0.01,0.01,356.24,354.66,10,-2.02,-3.05,-2.37,1.51,2.02,1.40,46.30,149.61,24.99,24.84,24.94,1003.67,1003.57,1003.59,-0.24,-0.16,-0.22,-0.31,-0.35,-0.37,8.90,9.06,8.87
2014-07-20T16:21:05Z,47.6324080000,-121.9913200000,0.00,0.01,0.00,356.24,357.28,9,-2.79,-3.01,-2.40,1.27,2.03,1.38,46.35,150.43,25.06,25.00,25.02,1003.58,1003.56,1003.60,-0.20,-0.12,-0.21,-0.43,-0.43,-0.37,8.87,9.02,8.87
2014-07-20T16:21:15Z,47.6324080000,-121.9913300000,0.00,0.00,0.00,356.24,356.63,8,-2.52,-3.05,-2.42,1.26,2.28,1.37,46.03,150.21,25.14,25.01,25.09,1003.61,1003.55,1003.61,-0.20,-0.27,-0.21,-0.39,-0.35,-0.38,8.90,8.90,8.87
2014-07-20T16:21:25Z,47.6324080000,-121.9913300000,0.00,0.00,0.01,356.24,356.63,8,-2.30,-3.28,-2.39,1.53,2.01,1.41,46.49,150.15,25.19,25.07,25.17,1003.62,1003.56,1003.60,-0.24,-0.20,-0.22,-0.35,-0.35,-0.37,8.79,9.06,8.87
2014-07-20T16:21:35Z,47.6324080000,-121.9913300000,0.00,0.00,0.00,356.24,356.30,8,-2.53,-2.79,-2.32,1.52,2.01,1.37,46.80,149.85,25.29,25.14,25.24,1003.66,1003.58,1003.60,-0.24,-0.27,-0.21,-0.39,-0.43,-0.36,8.87,8.87,8.86
2014-07-20T16:21:45Z,47.6324040000,-121.9913300000,0.00,0.00,0.00,356.24,356.30,8,-2.30,-3.03,-2.33,1.28,2.02,1.33,46.45,151.28,25.36,25.21,25.32,1003.50,1003.60,1003.58,-0.20,-0.24,-0.21,-0.35,-0.47,-0.36,8.79,8.90,8.87
2014-07-20T16:21:55Z,47.6324040000,-121.9913300000,0.00,0.00,0.00,356.24,356.30,10,-2.04,-3.18,-2.37,1.78,2.06,1.36,46.03,150.80,25.44,25.28,25.39,1003.56,1003.56,1003.58,-0.27,-0.24,-0.21,-0.31,-0.39,-0.37,8.83,9.18,8.86
2014-07-20T16:22:05Z,47.6324040000,-121.9913300000,0.00,0.00,0.00,356.24,356.30,10,-2.27,-3.29,-2.35,1.51,1.51,1.40,46.59,150.74,25.51,25.36,25.47,1003.57,1003.56,1003.59,-0.24,-0.24,-0.22,-0.35,-0.31,-0.36,8.90,9.06,8.87
2014-07-20T16:22:15Z,47.6324040000,-121.9913300000,0.01,0.00,0.01,356.24,356.30,10,-2.56,-3.05,-2.34,1.53,2.02,1.40,46.54,150.78,25.59,25.42,25.54,1003.57,1003.52,1003.60,-0.24,-0.20,-0.22,-0.39,-0.31,-0.36,8.79,9.02,8.86
2014-07-20T16:22:25Z,47.6324040000,-121.9913300000,0.00,0.01,0.01,356.24,356.30,10,-1.78,-3.08,-2.34,1.27,2.02,1.38,45.01,150.38,25.64,25.50,25.61,1003.62,1003.55,1003.58,-0.20,-0.20,-0.21,-0.27,-0.35,-0.36,8.83,9.02,8.85
2014-07-20T16:22:36Z,47.6324040000,-121.9913300000,0.01,0.00,0.00,356.24,356.30,11,-2.26,-3.05,-2.36,1.51,2.03,1.42,46.30,150.85,25.71,25.58,25.68,1003.57,1003.61,1003.60,-0.24,-0.16,-0.22,-0.35,-0.35,-0.37,8.94,9.02,8.86
2014-07-20T16:22:46Z,47.6324040000,-121.9913300000,0.01,0.01,0.00,356.24,356.30,11,-2.04,-3.05,-2.37,1.53,2.02,1.41,46.14,150.45,25.79,25.64,25.75,1003.62,1003.62,1003.58,-0.24,-0.24,-0.22,-0.31,-0.27,-0.37,8.83,9.06,8.86
2014-07-20T16:22:56Z,47.6324040000,-121.9913300000,0.00,0.00,0.01,356.24,356.30,11,-2.30,-3.07,-2.34,1.53,2.01,1.43,46.36,150.22,25.85,25.71,25.82,1003.65,1003.56,1003.61,-0.24,-0.20,-0.22,-0.35,-0.31,-0.36,8.79,9.02,8.87
2014-07-20T16:23:06Z,47.6324040000,-121.9913200000,0.00,0.00,0.00,356.24,355.97,11,-2.81,-3.28,-2.33,1.28,2.04,1.43,46.37,150.69,25.91,25.77,25.88,1003.60,1003.55,1003.62,-0.20,-0.12,-0.22,-0.43,-0.39,-0.36,8.79,9.02,8.86
2014-07-20T16:23:16Z,47.6324040000,-121.9913200000,0.00,0.00,0.00,356.24,355.97,11,-2.03,-3.05,-2.31,1.27,2.03,1.38,45.81,150.73,25.99,25.85,25.95,1003.60,1003.61,1003.61,-0.20,-0.27,-0.21,-0.31,-0.35,-0.36,8.87,8.94,8.86
2014-07-20T16:23:26Z,47.6324040000,-121.9913200000,0.00,0.00,0.00,356.24,356.30,11,-2.28,-2.30,-2.28,1.52,2.01,1.43,45.86,151.55,26.06,26.00,26.02,1003.51,1003.64,1003.61,-0.24,-0.16,-0.22,-0.35,-0.35,-0.35,8.87,8.79,8.86
2014-07-20T16:23:36Z,47.6324010000,-121.9913200000,0.00,0.00,0.01,356.24,356.30,11,-2.03,-3.07,-2.33,1.77,2.03,1.39,46.20,150.35,26.12,26.01,26.08,1003.65,1003.60,1003.61,-0.27,-0.16,-0.22,-0.31,-0.31,-0.36,8.87,8.83,8.85
2014-07-20T16:23:46Z,47.6324010000,-121.9913200000,0.00,0.00,0.01,356.24,356.30,11,-2.53,-3.04,-2.31,1.27,2.29,1.40,46.49,151.26,26.19,26.04,26.15,1003.55,1003.62,1003.60,-0.20,-0.24,-0.22,-0.39,-0.39,-0.36,8.87,9.02,8.85
2014-07-20T16:23:56Z,47.6324010000,-121.9913200000,0.00,0.00,0.00,356.24,356.30,11,-2.54,-3.29,-2.32,1.27,2.02,1.38,47.10,150.33,26.25,26.09,26.21,1003.66,1003.55,1003.62,-0.20,-0.24,-0.21,-0.39,-0.31,-0.36,8.83,9.02,8.85
2014-07-20T16:24:06Z,47.6324010000,-121.9913200000,0.00,0.00,0.00,356.24,356.30,11,-2.27,-3.04,-2.32,1.26,2.02,1.38,45.80,150.54,26.31,26.17,26.27,1003.64,1003.54,1003.62,-0.20,-0.16,-0.21,-0.35,-0.39,-0.36,8.90,9.06,8.86
2014-07-20T16:24:16Z,47.6324010000,-121.9913200000,0.01,0.00,0.01,356.24,356.30,11,-2.52,-3.07,-2.32,1.51,2.03,1.42,46.94,150.48,26.37,26.23,26.33,1003.65,1003.55,1003.63,-0.24,-0.20,-0.22,-0.39,-0.31,-0.36,8.90,9.02,8.86
2014-07-20T16:24:26Z,47.6324010000,-121.9913200000,0.00,0.01,0.00,356.24,356.30,11,-2.30,-3.05,-2.31,1.53,2.02,1.41,46.03,150.25,26.44,26.29,26.39,1003.68,1003.62,1003.61,-0.24,-0.24,-0.22,-0.35,-0.39,-0.36,8.79,8.87,8.85
2014-07-20T16:24:34Z,47.6324010000,-121.9913300000,0.01,0.01,0.00,356.24,356.30,11,-2.04,-2.59,-2.32,1.53,2.01,1.43,45.89,150.63,26.49,26.34,26.45,1003.64,1003.63,1003.63,-0.24,-0.24,-0.22,-0.31,-0.39,-0.36,8.83,8.67,8.85
2014-07-20T16:25:15Z,47.6324010000,-121.9913300000,0.01,0.01,0.05,356.24,355.97,11,-2.29,-2.04,-2.31,1.53,2.04,1.40,46.33,150.64,26.69,26.49,26.64,1003.65,1003.57,1003.62,-0.24,-0.24,-0.22,-0.35,-0.31,-0.36,8.83,9.10,8.85
2014-07-20T16:25:25Z,47.6324010000,-121.9913300000,0.01,0.00,0.01,356.24,355.97,11,-2.03,-3.07,-2.31,1.77,2.03,1.40,46.16,151.20,26.74,26.60,26.71,1003.59,1003.63,1003.62,-0.27,-0.24,-0.22,-0.31,-0.39,-0.36,8.87,8.83,8.84
2014-07-20T16:25:35Z,47.6324010000,-121.9913300000,0.01,0.01,0.00,356.24,355.97,11,-2.54,-3.07,-2.29,1.02,2.04,1.36,46.40,150.96,26.81,26.67,26.78,1003.62,1003.59,1003.65,-0.16,-0.27,-0.21,-0.39,-0.31,-0.35,8.83,9.06,8.85
2014-07-20T16:25:45Z,47.6324010000,-121.9913300000,0.00,0.01,0.00,356.24,355.97,11,-2.29,-3.04,-2.27,1.27,2.03,1.37,45.97,150.64,26.86,26.73,26.83,1003.66,1003.57,1003.66,-0.20,-0.24,-0.21,-0.35,-0.35,-0.35,8.83,8.79,8.85
2014-07-20T16:25:55Z,47.6324010000,-121.9913300000,0.01,0.00,0.00,356.24,355.97,11,-2.02,-3.08,-2.30,1.51,2.03,1.36,46.12,150.93,26.92,26.79,26.89,1003.63,1003.58,1003.65,-0.24,-0.12,-0.21,-0.31,-0.35,-0.36,8.90,8.83,8.84
2014-07-20T16:26:05Z,47.6324010000,-121.9913300000,0.00,0.01,0.00,356.24,355.97,11,-17.35,-128.54,-5.46,8.67,56.04,-0.90,171.90,150.86,26.96,26.84,26.94,1003.64,1004.02,1003.60,-0.90,18.59,0.20,-1.77,10.59,-0.79,5.65,20.01,8.64
